%YAML:1.0
# camera parameter
# lens is either pinhole or fisheye

lens: pinhole

# 640, 360
# fx: 358.99252195870474
# fy: 358.9113928877155
# cx: 313.1100776636632
# cy: 180.02460557879536

# k1: -0.0059071175473316565 
# k2: 0.0009484322248798141 
# p1/k3: 0.003173366612544893 
# p2/k4: -0.0018036047402693169

# 672, 376
fx: 351.3799074430307
fy: 352.0509264409418
cx: 326.8497207202648
cy: 188.32613847441672

k1: -0.00500549876831769
k2: -0.018059343960466885
p1/k3: 0.004329851259767041
p2/k4: -0.0017402202279112285