/**:
  ros__parameters:
    image_topic: "/zed_node/left_raw/image_raw_color"
    output_file: "data/data.txt"
    lens: "pinhole"
    fx: 351.3799074430307
    fy: 352.0509264409418
    cx: 326.8497207202648
    cy: 188.32613847441672
    k1: -0.00500549876831769
    k2: -0.018059343960466885
    p1: 0.004329851259767041
    p2: -0.0017402202279112285